init
0: 0.532934 2 0.620794 0  ,        0 0.1 0 100 
1: -0.545295 2 0.00881017 0  ,        0 0.1 0 100 
2: -0.120198 2 0.743822 0  ,        0 0.1 0 100 
3: 0.708483 2 -0.498735 0  ,        0 0.1 0 100 
4: -0.433316 2 0.176408 0  ,        0 0.1 0 100 
5: 0.340867 2 -0.918071 0  ,        0 0.1 0 100 
6: -0.946426 2 0.142481 0  ,        0 0.1 0 100 
7: 0.408772 2 -0.326627 0  ,        0 0.1 0 100 
8: 0.0218506 2 -0.0607357 0  ,        0 0.1 0 100 
9: -0.572865 2 0.70143 0  ,        0 0.1 0 100 
10: -0.144486 2 0.800288 0  ,        0 0.1 0 100 
11: -0.539813 2 -0.0421886 0  ,        0 0.1 0 100 
12: -0.131395 2 0.79948 0  ,        0 0.1 0 100 
13: -0.286944 2 0.685459 0  ,        0 0.1 0 100 
14: -0.30001 2 0.405719 0  ,        0 0.1 0 100 
15: 0.284053 2 -0.0664686 0  ,        0 0.1 0 100 
16: -0.130324 2 0.565361 0  ,        0 0.1 0 100 
17: 0.14553 2 0.167109 0  ,        0 0.1 0 100 
18: 0.203894 2 -0.168109 0  ,        0 0.1 0 100 
19: 0.776317 2 -0.342483 0  ,        0 0.1 0 100 
20: -0.661445 2 0.507146 0  ,        0 0.1 0 100 
21: 0.252915 2 0.514792 0  ,        0 0.1 0 100 
22: 0.0213993 2 -0.0960677 0  ,        0 0.1 0 100 
23: 0.380743 2 0.314472 0  ,        0 0.1 0 100 
24: 0.118139 2 -0.0889184 0  ,        0 0.1 0 100 
25: 0.257331 2 0.23789 0  ,        0 0.1 0 100 
26: -0.0703938 2 -0.113993 0  ,        0 0.1 0 100 
27: -0.782637 2 -0.322214 0  ,        0 0.1 0 100 
28: -0.103771 2 0.365542 0  ,        0 0.1 0 100 
29: -0.256773 2 0.825037 0  ,        0 0.1 0 100 
30: 0.194473 2 -0.558304 0  ,        0 0.1 0 100 
31: 0.614467 2 0.0298629 0  ,        0 0.1 0 100 
32: -0.248818 2 -0.37579 0  ,        0 0.1 0 100 
33: 0.212049 2 -0.137886 0  ,        0 0.1 0 100 
34: 0.353855 2 -0.142203 0  ,        0 0.1 0 100 
35: 0.924647 2 -0.320839 0  ,        0 0.1 0 100 
36: 0.461519 2 -0.597474 0  ,        0 0.1 0 100 
37: 0.156372 2 0.0760728 0  ,        0 0.1 0 100 
38: 0.284271 2 -0.16669 0  ,        0 0.1 0 100 
39: -0.269108 2 -0.52356 0  ,        0 0.1 0 100 
40: -0.106482 2 -0.165956 0  ,        0 0.1 0 100 
41: 0.0300831 2 -0.1144 0  ,        0 0.1 0 100 
42: 0.0016952 2 0.0220303 0  ,        0 0.1 0 100 
43: 0.0991266 2 0.172461 0  ,        0 0.1 0 100 
44: -0.128164 2 -0.841735 0  ,        0 0.1 0 100 
45: 0.0427385 2 -0.350934 0  ,        0 0.1 0 100 
46: -0.278564 2 0.0211531 0  ,        0 0.1 0 100 
47: 0.51276 2 -0.763245 0  ,        0 0.1 0 100 
48: -0.234056 2 0.0766404 0  ,        0 0.1 0 100 
49: 0.369377 2 0.320902 0  ,        0 0.1 0 100 
50: -0.186591 2 -0.171534 0  ,        0 0.1 0 100 
51: 0.0261352 2 0.091529 0  ,        0 0.1 0 100 
52: -0.0940734 2 -0.258834 0  ,        0 0.1 0 100 
53: 0.559652 2 -0.366978 0  ,        0 0.1 0 100 
54: 0.110441 2 0.10249 0  ,        0 0.1 0 100 
55: -0.446721 2 0.675668 0  ,        0 0.1 0 100 
56: -0.592168 2 0.430851 0  ,        0 0.1 0 100 
57: -0.20845 2 -0.326251 0  ,        0 0.1 0 100 
58: 0.536879 2 0.21785 0  ,        0 0.1 0 100 
59: -0.00705463 2 0.0137025 0  ,        0 0.1 0 100 
60: 0.436943 2 0.175253 0  ,        0 0.1 0 100 
61: -0.643873 2 -0.66902 0  ,        0 0.1 0 100 
62: 0.520204 2 0.0496514 0  ,        0 0.1 0 100 
63: -0.277502 2 0.0644588 0  ,        0 0.1 0 100 
64: 0.164751 2 0.0944743 0  ,        0 0.1 0 100 
65: 0.432911 2 0.0575517 0  ,        0 0.1 0 100 
66: 0.51301 2 -0.782273 0  ,        0 0.1 0 100 
67: -0.1804 2 0.0666754 0  ,        0 0.1 0 100 
68: 0.841238 2 0.0724859 0  ,        0 0.1 0 100 
69: 0.547931 2 0.255858 0  ,        0 0.1 0 100 
70: -0.639289 2 0.727294 0  ,        0 0.1 0 100 
71: -0.170834 2 0.266082 0  ,        0 0.1 0 100 
72: -0.407667 2 -0.543313 0  ,        0 0.1 0 100 
73: 0.981018 2 -0.14221 0  ,        0 0.1 0 100 
74: 0.678388 2 -0.449689 0  ,        0 0.1 0 100 
75: -0.867799 2 -0.031589 0  ,        0 0.1 0 100 
76: 0.89005 2 0.0343643 0  ,        0 0.1 0 100 
77: -0.0354222 2 -0.961688 0  ,        0 0.1 0 100 
78: -0.0405509 2 -0.175684 0  ,        0 0.1 0 100 
79: -0.435433 2 0.842181 0  ,        0 0.1 0 100 
80: 0.313312 2 0.855144 0  ,        0 0.1 0 100 
81: 0.172616 2 -0.191179 0  ,        0 0.1 0 100 
82: 0.0121801 2 0.388371 0  ,        0 0.1 0 100 
83: 0.273243 2 -0.319962 0  ,        0 0.1 0 100 
84: 0.21813 2 0.230643 0  ,        0 0.1 0 100 
85: 0.154635 2 -0.0954812 0  ,        0 0.1 0 100 
86: -0.0514561 2 0.0800442 0  ,        0 0.1 0 100 
87: -0.273348 2 0.321518 0  ,        0 0.1 0 100 
88: 0.219622 2 0.29808 0  ,        0 0.1 0 100 
89: 0.411001 2 -0.0913653 0  ,        0 0.1 0 100 
90: -0.0687694 2 0.636237 0  ,        0 0.1 0 100 
91: -0.30159 2 -0.381735 0  ,        0 0.1 0 100 
92: -0.16956 2 0.0120585 0  ,        0 0.1 0 100 
93: 0.46624 2 -0.131802 0  ,        0 0.1 0 100 
94: -0.0125326 2 -0.0136418 0  ,        0 0.1 0 100 
95: -0.191556 2 0.233173 0  ,        0 0.1 0 100 
96: -0.284042 2 -0.341394 0  ,        0 0.1 0 100 
97: 0.480775 2 -0.602102 0  ,        0 0.1 0 100 
98: 0.208756 2 0.432426 0  ,        0 0.1 0 100 
99: 0.0585693 2 0.0647555 0  ,        0 0.1 0 100 
100: -0.84515 2 -0.448378 0  ,        0 0.1 0 100 
101: 0.0128592 2 -0.257713 0  ,        0 0.1 0 100 
102: -0.719882 2 0.211353 0  ,        0 0.1 0 100 
103: -0.541912 2 -0.253744 0  ,        0 0.1 0 100 
104: 0.371409 2 -0.397345 0  ,        0 0.1 0 100 
105: 0.321902 2 -0.757726 0  ,        0 0.1 0 100 
106: -0.533641 2 0.697316 0  ,        0 0.1 0 100 
107: 0.46605 2 0.593752 0  ,        0 0.1 0 100 
108: -0.440339 2 -0.636289 0  ,        0 0.1 0 100 
109: 0.162859 2 0.0785729 0  ,        0 0.1 0 100 
110: -0.692202 2 -0.154991 0  ,        0 0.1 0 100 
111: 0.868954 2 -0.214793 0  ,        0 0.1 0 100 
112: -0.231539 2 0.00853946 0  ,        0 0.1 0 100 
113: 0.225129 2 0.389949 0  ,        0 0.1 0 100 
114: -0.222233 2 -0.958616 0  ,        0 0.1 0 100 
115: -0.516445 2 0.403254 0  ,        0 0.1 0 100 
116: 0.326646 2 0.280172 0  ,        0 0.1 0 100 
117: 0.280111 2 -0.205576 0  ,        0 0.1 0 100 
118: 0.0287767 2 -0.0513226 0  ,        0 0.1 0 100 
119: -0.390638 2 -0.265794 0  ,        0 0.1 0 100 
120: 0.344677 2 -0.0129438 0  ,        0 0.1 0 100 
121: -0.0003776 2 -0.000834062 0  ,        0 0.1 0 100 
122: 0.208535 2 0.146887 0  ,        0 0.1 0 100 
123: 0.524213 2 -0.485635 0  ,        0 0.1 0 100 
124: 0.379167 2 -0.430115 0  ,        0 0.1 0 100 
125: 0.262674 2 -0.292836 0  ,        0 0.1 0 100 
126: 0.698724 2 -0.449977 0  ,        0 0.1 0 100 
127: 0.433323 2 -0.00587905 0  ,        0 0.1 0 100 
128: 0.115089 2 0.0386406 0  ,        0 0.1 0 100 
129: 0.396439 2 -0.161528 0  ,        0 0.1 0 100 
130: -0.367788 2 -0.448483 0  ,        0 0.1 0 100 
131: -0.0238857 2 0.743414 0  ,        0 0.1 0 100 
132: -0.20927 2 -0.785397 0  ,        0 0.1 0 100 
133: -0.510001 2 -0.352907 0  ,        0 0.1 0 100 
134: -0.0210561 2 0.0479836 0  ,        0 0.1 0 100 
135: -0.803475 2 -0.199262 0  ,        0 0.1 0 100 
136: 0.289105 2 -0.147043 0  ,        0 0.1 0 100 
137: -0.132619 2 -0.391329 0  ,        0 0.1 0 100 
138: 0.242601 2 0.32313 0  ,        0 0.1 0 100 
139: 0.183828 2 0.532504 0  ,        0 0.1 0 100 
140: -0.233243 2 -0.813597 0  ,        0 0.1 0 100 
141: 0.103428 2 0.0616249 0  ,        0 0.1 0 100 
142: 0.837311 2 -0.230297 0  ,        0 0.1 0 100 
143: 0.256253 2 -0.734758 0  ,        0 0.1 0 100 
144: 0.16531 2 -0.328089 0  ,        0 0.1 0 100 
145: -0.10593 2 0.479668 0  ,        0 0.1 0 100 
146: -0.83694 2 0.171368 0  ,        0 0.1 0 100 
147: 0.0334372 2 -0.124245 0  ,        0 0.1 0 100 
148: -0.547896 2 -0.204353 0  ,        0 0.1 0 100 
149: 0.795218 2 0.42708 0  ,        0 0.1 0 100 
150: -0.657767 2 0.120547 0  ,        0 0.1 0 100 
151: 0.593023 2 -0.114745 0  ,        0 0.1 0 100 
152: -0.0953514 2 0.429029 0  ,        0 0.1 0 100 
153: 0.169334 2 -0.0465044 0  ,        0 0.1 0 100 
154: 0.596834 2 -0.625163 0  ,        0 0.1 0 100 
155: 0.537913 2 -0.373442 0  ,        0 0.1 0 100 
156: 0.273614 2 -0.040253 0  ,        0 0.1 0 100 
157: -0.015393 2 0.00580016 0  ,        0 0.1 0 100 
158: -0.169515 2 -0.127537 0  ,        0 0.1 0 100 
159: 0.394728 2 0.861103 0  ,        0 0.1 0 100 
160: -0.606622 2 -0.170231 0  ,        0 0.1 0 100 
161: -0.0186679 2 0.0811972 0  ,        0 0.1 0 100 
162: -0.264566 2 0.140068 0  ,        0 0.1 0 100 
163: -0.705034 2 -0.230485 0  ,        0 0.1 0 100 
164: 0.575419 2 0.264405 0  ,        0 0.1 0 100 
165: -0.652208 2 -0.183428 0  ,        0 0.1 0 100 
166: -0.660078 2 -0.359655 0  ,        0 0.1 0 100 
167: 0.800826 2 -0.404223 0  ,        0 0.1 0 100 
168: 0.0460913 2 -0.0278166 0  ,        0 0.1 0 100 
169: -0.0591009 2 -0.00961146 0  ,        0 0.1 0 100 
170: -0.0501927 2 0.0639965 0  ,        0 0.1 0 100 
171: -0.0938443 2 0.490167 0  ,        0 0.1 0 100 
172: -0.300691 2 -0.905511 0  ,        0 0.1 0 100 
173: -0.285868 2 -0.268728 0  ,        0 0.1 0 100 
174: -0.158881 2 0.0135673 0  ,        0 0.1 0 100 
175: -0.0947665 2 0.0647594 0  ,        0 0.1 0 100 
176: 0.527008 2 0.821536 0  ,        0 0.1 0 100 
177: 0.30387 2 -0.0149724 0  ,        0 0.1 0 100 
178: -0.298936 2 0.0956053 0  ,        0 0.1 0 100 
179: -0.644678 2 -0.186792 0  ,        0 0.1 0 100 
180: 0.176053 2 -0.179522 0  ,        0 0.1 0 100 
181: 0.0454367 2 0.0702356 0  ,        0 0.1 0 100 
182: -0.0325982 2 -0.0400471 0  ,        0 0.1 0 100 
183: 0.820416 2 -0.496849 0  ,        0 0.1 0 100 
184: 0.645076 2 -0.679859 0  ,        0 0.1 0 100 
185: -0.455558 2 0.190986 0  ,        0 0.1 0 100 
186: -0.338718 2 0.225699 0  ,        0 0.1 0 100 
187: 0.67729 2 0.349809 0  ,        0 0.1 0 100 
188: 0.287487 2 0.241275 0  ,        0 0.1 0 100 
189: -0.0255732 2 0.213569 0  ,        0 0.1 0 100 
190: 0.896076 2 -0.178559 0  ,        0 0.1 0 100 
191: 0.139309 2 0.594949 0  ,        0 0.1 0 100 
192: 0.470734 2 -0.741453 0  ,        0 0.1 0 100 
193: -0.801448 2 0.431218 0  ,        0 0.1 0 100 
194: 0.041394 2 0.198432 0  ,        0 0.1 0 100 
195: -0.0088272 2 0.161079 0  ,        0 0.1 0 100 
196: 0.0589603 2 -0.125653 0  ,        0 0.1 0 100 
197: 0.854328 2 0.331304 0  ,        0 0.1 0 100 
198: -0.160326 2 0.157968 0  ,        0 0.1 0 100 
199: 0.166496 2 -0.108402 0  ,        0 0.1 0 100 
200: -0.243451 2 0.106038 0  ,        0 0.1 0 100 
201: -0.195455 2 -0.527045 0  ,        0 0.1 0 100 
202: -0.0950073 2 -0.0291148 0  ,        0 0.1 0 100 
203: -0.266674 2 -0.0139087 0  ,        0 0.1 0 100 
204: -0.210756 2 -0.38942 0  ,        0 0.1 0 100 
205: 0.107796 2 0.0062131 0  ,        0 0.1 0 100 
206: 0.404437 2 0.421929 0  ,        0 0.1 0 100 
207: 0.38083 2 -0.840338 0  ,        0 0.1 0 100 
208: 0.212809 2 -0.0357826 0  ,        0 0.1 0 100 
209: -0.29052 2 -0.116881 0  ,        0 0.1 0 100 
210: 0.139461 2 0.109154 0  ,        0 0.1 0 100 
211: -0.379361 2 -0.481311 0  ,        0 0.1 0 100 
212: 0.396051 2 -0.0630846 0  ,        0 0.1 0 100 
213: -0.36424 2 0.510167 0  ,        0 0.1 0 100 
214: 0.143728 2 0.822213 0  ,        0 0.1 0 100 
215: -0.109789 2 0.143178 0  ,        0 0.1 0 100 
216: 0.498434 2 0.370754 0  ,        0 0.1 0 100 
217: -0.000514893 2 0.00476366 0  ,        0 0.1 0 100 
218: 0.31979 2 0.0432622 0  ,        0 0.1 0 100 
219: -0.0848348 2 0.988431 0  ,        0 0.1 0 100 
220: 0.437653 2 0.158045 0  ,        0 0.1 0 100 
221: -0.316609 2 0.150587 0  ,        0 0.1 0 100 
222: 0.0152764 2 -0.187035 0  ,        0 0.1 0 100 
223: 0.549747 2 -0.420752 0  ,        0 0.1 0 100 
224: 0.138434 2 0.236629 0  ,        0 0.1 0 100 
225: -0.388505 2 0.433534 0  ,        0 0.1 0 100 
226: 0.0701286 2 0.347497 0  ,        0 0.1 0 100 
227: 0.42307 2 0.40054 0  ,        0 0.1 0 100 
228: -0.39037 2 -0.387666 0  ,        0 0.1 0 100 
229: 0.260043 2 0.1915 0  ,        0 0.1 0 100 
230: -0.181703 2 0.298515 0  ,        0 0.1 0 100 
231: 0.321541 2 0.536322 0  ,        0 0.1 0 100 
232: -0.845136 2 -0.520721 0  ,        0 0.1 0 100 
233: 0.17865 2 0.126248 0  ,        0 0.1 0 100 
234: 0.0369864 2 -0.142878 0  ,        0 0.1 0 100 
235: -0.0723152 2 0.00140418 0  ,        0 0.1 0 100 
236: 0.0856559 2 0.132797 0  ,        0 0.1 0 100 
237: 0.751211 2 0.455825 0  ,        0 0.1 0 100 
238: -0.494587 2 0.414599 0  ,        0 0.1 0 100 
239: -0.593395 2 -0.406253 0  ,        0 0.1 0 100 
240: 0.038623 2 0.743955 0  ,        0 0.1 0 100 
241: 0.0338547 2 -0.440517 0  ,        0 0.1 0 100 
242: -0.540266 2 0.532526 0  ,        0 0.1 0 100 
243: -0.689721 2 -0.372213 0  ,        0 0.1 0 100 
244: -0.0731879 2 0.498979 0  ,        0 0.1 0 100 
245: -0.481109 2 0.599333 0  ,        0 0.1 0 100 
246: -0.119367 2 -0.0818227 0  ,        0 0.1 0 100 
247: -0.077925 2 -0.40304 0  ,        0 0.1 0 100 
248: 0.361271 2 -0.685319 0  ,        0 0.1 0 100 
249: 0.212689 2 0.144149 0  ,        0 0.1 0 100 
250: -0.537879 2 -0.118597 0  ,        0 0.1 0 100 
251: 0.393247 2 -0.695708 0  ,        0 0.1 0 100 
252: 0.528976 2 0.364314 0  ,        0 0.1 0 100 
253: -0.283946 2 -0.0137724 0  ,        0 0.1 0 100 
254: 0.0427077 2 0.784843 0  ,        0 0.1 0 100 
255: -0.93898 2 -0.192731 0  ,        0 0.1 0 100 
256: 0.0217845 2 0.725708 0  ,        0 0.1 0 100 
257: -0.17157 2 -0.212767 0  ,        0 0.1 0 100 
258: 0.234032 2 0.217101 0  ,        0 0.1 0 100 
259: -0.0610459 2 0.0600561 0  ,        0 0.1 0 100 
260: -0.361873 2 -0.463495 0  ,        0 0.1 0 100 
261: 0.264317 2 0.278195 0  ,        0 0.1 0 100 
262: -0.418954 2 -0.27633 0  ,        0 0.1 0 100 
263: 0.392628 2 -0.412529 0  ,        0 0.1 0 100 
264: 0.757289 2 -0.130172 0  ,        0 0.1 0 100 
265: 0.546094 2 0.623195 0  ,        0 0.1 0 100 
266: -0.237398 2 -0.340939 0  ,        0 0.1 0 100 
267: -0.398805 2 0.474774 0  ,        0 0.1 0 100 
268: 0.139091 2 0.423336 0  ,        0 0.1 0 100 
269: 0.314847 2 0.75252 0  ,        0 0.1 0 100 
270: -0.0517679 2 0.340211 0  ,        0 0.1 0 100 
271: 0.132177 2 -0.505008 0  ,        0 0.1 0 100 
272: -0.668555 2 0.27158 0  ,        0 0.1 0 100 
273: 0.0767932 2 -0.0842363 0  ,        0 0.1 0 100 
274: -0.241136 2 -0.8387 0  ,        0 0.1 0 100 
275: -0.27575 2 0.433691 0  ,        0 0.1 0 100 
276: -0.224959 2 -0.482062 0  ,        0 0.1 0 100 
277: -0.193137 2 0.150747 0  ,        0 0.1 0 100 
278: -0.383013 2 -0.473122 0  ,        0 0.1 0 100 
279: 0.269764 2 -0.111607 0  ,        0 0.1 0 100 
280: -0.144184 2 0.109325 0  ,        0 0.1 0 100 
281: 0.273602 2 0.121174 0  ,        0 0.1 0 100 
282: -0.047315 2 0.528665 0  ,        0 0.1 0 100 
283: -0.0843289 2 -0.110128 0  ,        0 0.1 0 100 
284: 0.497626 2 0.0651841 0  ,        0 0.1 0 100 
285: -0.321113 2 -0.198445 0  ,        0 0.1 0 100 
286: 0.516703 2 0.809906 0  ,        0 0.1 0 100 
287: 0.602862 2 -0.308956 0  ,        0 0.1 0 100 
288: -0.210219 2 0.60669 0  ,        0 0.1 0 100 
289: -0.0825506 2 0.652288 0  ,        0 0.1 0 100 
290: 0.122506 2 0.104913 0  ,        0 0.1 0 100 
291: 0.0249838 2 -0.249247 0  ,        0 0.1 0 100 
292: -0.456636 2 -0.123713 0  ,        0 0.1 0 100 
293: 0.0681283 2 0.0508186 0  ,        0 0.1 0 100 
294: 0.0850259 2 -0.55272 0  ,        0 0.1 0 100 
295: -0.246915 2 -0.890217 0  ,        0 0.1 0 100 
296: -0.232773 2 -0.581076 0  ,        0 0.1 0 100 
297: -0.202486 2 -0.660188 0  ,        0 0.1 0 100 
298: 0.167887 2 0.568107 0  ,        0 0.1 0 100 
299: -0.024164 2 -0.112645 0  ,        0 0.1 0 100 
300: -0.0729155 2 0.132444 0  ,        0 0.1 0 100 
301: 0.328873 2 0.416187 0  ,        0 0.1 0 100 
302: -0.0448899 2 0.177114 0  ,        0 0.1 0 100 
303: 0.816713 2 -0.231215 0  ,        0 0.1 0 100 
304: -0.780474 2 -0.19324 0  ,        0 0.1 0 100 
305: -0.150709 2 -0.203933 0  ,        0 0.1 0 100 
306: 0.811511 2 0.191618 0  ,        0 0.1 0 100 
307: -0.551389 2 0.311986 0  ,        0 0.1 0 100 
308: -0.739593 2 -0.60362 0  ,        0 0.1 0 100 
309: 0.143783 2 0.254884 0  ,        0 0.1 0 100 
310: -0.0190463 2 -0.353135 0  ,        0 0.1 0 100 
311: -0.88956 2 0.379974 0  ,        0 0.1 0 100 
312: -0.065946 2 -0.10396 0  ,        0 0.1 0 100 
313: 0.321126 2 -0.599933 0  ,        0 0.1 0 100 
314: 0.198774 2 0.0363104 0  ,        0 0.1 0 100 
315: 0.420149 2 0.201118 0  ,        0 0.1 0 100 
316: 0.104018 2 0.0934574 0  ,        0 0.1 0 100 
317: -0.0138071 2 0.491368 0  ,        0 0.1 0 100 
318: 0.0688232 2 -0.458501 0  ,        0 0.1 0 100 
319: -0.438964 2 0.432841 0  ,        0 0.1 0 100 
320: 0.856426 2 0.363687 0  ,        0 0.1 0 100 
321: 0.124683 2 -0.899878 0  ,        0 0.1 0 100 
322: 0.347944 2 -0.277695 0  ,        0 0.1 0 100 
323: -0.154558 2 -0.0291992 0  ,        0 0.1 0 100 
324: -0.918309 2 0.119752 0  ,        0 0.1 0 100 
325: -0.905011 2 0.121373 0  ,        0 0.1 0 100 
326: 0.895744 2 0.0702652 0  ,        0 0.1 0 100 
327: 0.0472282 2 -0.0655762 0  ,        0 0.1 0 100 
328: -0.0511406 2 0.0842355 0  ,        0 0.1 0 100 
329: 0.201242 2 0.568768 0  ,        0 0.1 0 100 
330: 0.865456 2 0.0648848 0  ,        0 0.1 0 100 
331: -0.11544 2 -0.236286 0  ,        0 0.1 0 100 
332: -0.528502 2 -0.325071 0  ,        0 0.1 0 100 
333: -0.0339324 2 0.129797 0  ,        0 0.1 0 100 
334: -0.152052 2 0.0588978 0  ,        0 0.1 0 100 
335: 0.441767 2 0.564819 0  ,        0 0.1 0 100 
336: 0.149595 2 0.0154949 0  ,        0 0.1 0 100 
337: -0.203351 2 0.198829 0  ,        0 0.1 0 100 
338: 0.178504 2 -0.420182 0  ,        0 0.1 0 100 
339: 0.153901 2 -0.446785 0  ,        0 0.1 0 100 
340: 0.730416 2 -0.136686 0  ,        0 0.1 0 100 
341: 0.493406 2 -0.419687 0  ,        0 0.1 0 100 
342: 0.00103517 2 -0.00635566 0  ,        0 0.1 0 100 
343: 0.0497389 2 0.0615492 0  ,        0 0.1 0 100 
344: 0.376002 2 -0.0801113 0  ,        0 0.1 0 100 
345: -0.443083 2 -0.0757254 0  ,        0 0.1 0 100 
346: 0.00249194 2 0.00328095 0  ,        0 0.1 0 100 
347: 0.724485 2 -0.126967 0  ,        0 0.1 0 100 
348: 0.0728563 2 0.133242 0  ,        0 0.1 0 100 
349: -0.831221 2 -0.533728 0  ,        0 0.1 0 100 
350: 0.291409 2 -0.462715 0  ,        0 0.1 0 100 
351: -0.0161115 2 -0.0401971 0  ,        0 0.1 0 100 
352: 0.0147554 2 -0.999281 0  ,        0 0.1 0 100 
353: 0.340666 2 0.61155 0  ,        0 0.1 0 100 
354: -0.135175 2 -0.192632 0  ,        0 0.1 0 100 
355: -0.323359 2 0.211016 0  ,        0 0.1 0 100 
356: 0.123337 2 0.113537 0  ,        0 0.1 0 100 
357: 0.168525 2 0.837549 0  ,        0 0.1 0 100 
358: 0.366956 2 -0.150337 0  ,        0 0.1 0 100 
359: 0.922619 2 -0.139892 0  ,        0 0.1 0 100 
360: 0.218402 2 0.0205499 0  ,        0 0.1 0 100 
361: -0.86351 2 -0.0634902 0  ,        0 0.1 0 100 
362: 0.573108 2 0.734195 0  ,        0 0.1 0 100 
363: 0.171493 2 -0.206441 0  ,        0 0.1 0 100 
364: -0.697906 2 -0.0421729 0  ,        0 0.1 0 100 
365: -0.231606 2 0.0559084 0  ,        0 0.1 0 100 
366: 0.074523 2 0.783567 0  ,        0 0.1 0 100 
367: 0.540136 2 -0.351373 0  ,        0 0.1 0 100 
368: 0.239074 2 -0.344049 0  ,        0 0.1 0 100 
369: 0.0579929 2 -0.116596 0  ,        0 0.1 0 100 
370: 0.0547668 2 -0.0069657 0  ,        0 0.1 0 100 
371: 0.85711 2 -0.0832177 0  ,        0 0.1 0 100 
372: 0.161824 2 0.330502 0  ,        0 0.1 0 100 
373: -0.0420467 2 0.545059 0  ,        0 0.1 0 100 
374: 0.489436 2 0.492141 0  ,        0 0.1 0 100 
375: -0.766006 2 0.0790455 0  ,        0 0.1 0 100 
376: 0.12478 2 0.21442 0  ,        0 0.1 0 100 
377: 0.0561578 2 -0.144669 0  ,        0 0.1 0 100 
378: -0.806706 2 0.342573 0  ,        0 0.1 0 100 
379: -0.0872929 2 -0.393304 0  ,        0 0.1 0 100 
380: -0.622066 2 0.120798 0  ,        0 0.1 0 100 
381: 0.304951 2 0.660568 0  ,        0 0.1 0 100 
382: -0.730925 2 -0.625837 0  ,        0 0.1 0 100 
383: 0.361422 2 0.629085 0  ,        0 0.1 0 100 
384: 0.631384 2 0.417747 0  ,        0 0.1 0 100 
385: 0.2049 2 -0.0218392 0  ,        0 0.1 0 100 
386: 0.0826117 2 0.0492218 0  ,        0 0.1 0 100 
387: -0.0107422 2 -0.013135 0  ,        0 0.1 0 100 
388: -0.66432 2 -0.634399 0  ,        0 0.1 0 100 
389: 0.073643 2 -0.388075 0  ,        0 0.1 0 100 
390: -0.177986 2 -0.391944 0  ,        0 0.1 0 100 
391: -0.0813548 2 0.869551 0  ,        0 0.1 0 100 
392: -0.231805 2 0.467286 0  ,        0 0.1 0 100 
393: 0.265137 2 0.0797238 0  ,        0 0.1 0 100 
394: 0.466004 2 0.853408 0  ,        0 0.1 0 100 
395: -0.608449 2 0.574058 0  ,        0 0.1 0 100 
396: 0.492521 2 0.542865 0  ,        0 0.1 0 100 
397: 0.952928 2 -0.0460374 0  ,        0 0.1 0 100 
398: -0.0252772 2 -0.050894 0  ,        0 0.1 0 100 
399: -0.202019 2 0.616058 0  ,        0 0.1 0 100 
400: -0.767612 2 -0.0189549 0  ,        0 0.1 0 100 
401: -0.0137361 2 0.214502 0  ,        0 0.1 0 100 
402: 0.440166 2 -0.0610519 0  ,        0 0.1 0 100 
403: 0.123869 2 -0.0371037 0  ,        0 0.1 0 100 
404: 0.502398 2 0.622667 0  ,        0 0.1 0 100 
405: -0.725696 2 -0.00233078 0  ,        0 0.1 0 100 
406: -0.020604 2 -0.0382983 0  ,        0 0.1 0 100 
407: -0.522723 2 0.439039 0  ,        0 0.1 0 100 
408: -0.386691 2 -0.312644 0  ,        0 0.1 0 100 
409: 0.363906 2 -0.764075 0  ,        0 0.1 0 100 
410: 0.0555293 2 0.252363 0  ,        0 0.1 0 100 
411: 0.215843 2 0.363807 0  ,        0 0.1 0 100 
412: 0.0568827 2 -0.171739 0  ,        0 0.1 0 100 
413: 0.0557575 2 0.0457833 0  ,        0 0.1 0 100 
414: 0.561934 2 -0.780558 0  ,        0 0.1 0 100 
415: -0.709802 2 -0.601877 0  ,        0 0.1 0 100 
416: -0.227092 2 0.567998 0  ,        0 0.1 0 100 
417: 0.00919971 2 0.0999835 0  ,        0 0.1 0 100 
418: -0.0690985 2 0.0610375 0  ,        0 0.1 0 100 
419: 0.617876 2 -0.123123 0  ,        0 0.1 0 100 
420: -0.234273 2 -0.323583 0  ,        0 0.1 0 100 
421: 0.375295 2 0.362056 0  ,        0 0.1 0 100 
422: 0.621548 2 -0.618902 0  ,        0 0.1 0 100 
423: -0.622408 2 0.492946 0  ,        0 0.1 0 100 
424: -0.0248285 2 0.0294432 0  ,        0 0.1 0 100 
425: -0.0442963 2 -0.127799 0  ,        0 0.1 0 100 
426: 0.371649 2 0.569688 0  ,        0 0.1 0 100 
427: 0.101974 2 -0.139044 0  ,        0 0.1 0 100 
428: 0.567246 2 -0.0204307 0  ,        0 0.1 0 100 
429: -0.195784 2 -0.871057 0  ,        0 0.1 0 100 
430: -0.065662 2 0.469598 0  ,        0 0.1 0 100 
431: 0.172862 2 -0.175728 0  ,        0 0.1 0 100 
432: 0.832061 2 -0.198071 0  ,        0 0.1 0 100 
433: -0.446671 2 0.119406 0  ,        0 0.1 0 100 
434: 0.0111562 2 -0.938347 0  ,        0 0.1 0 100 
435: 0.0329281 2 0.101998 0  ,        0 0.1 0 100 
436: -0.0827135 2 0.503274 0  ,        0 0.1 0 100 
437: -0.158907 2 0.390059 0  ,        0 0.1 0 100 
438: 0.050217 2 -0.174535 0  ,        0 0.1 0 100 
439: -0.210138 2 0.936177 0  ,        0 0.1 0 100 
440: 0.259712 2 0.323912 0  ,        0 0.1 0 100 
441: 0.0183444 2 0.0693011 0  ,        0 0.1 0 100 
442: -0.0294359 2 0.0845323 0  ,        0 0.1 0 100 
443: -0.097826 2 -0.231134 0  ,        0 0.1 0 100 
444: -0.848953 2 0.265065 0  ,        0 0.1 0 100 
445: 0.85461 2 -0.221711 0  ,        0 0.1 0 100 
446: 0.101 2 -0.279728 0  ,        0 0.1 0 100 
447: -0.197724 2 0.377619 0  ,        0 0.1 0 100 
448: 0.323941 2 0.342656 0  ,        0 0.1 0 100 
449: -0.526785 2 0.18047 0  ,        0 0.1 0 100 
450: 0.0296805 2 0.787337 0  ,        0 0.1 0 100 
451: -0.206595 2 -0.224708 0  ,        0 0.1 0 100 
452: -0.222541 2 0.245194 0  ,        0 0.1 0 100 
453: -0.204133 2 -0.690512 0  ,        0 0.1 0 100 
454: -0.0674902 2 -0.0912521 0  ,        0 0.1 0 100 
455: -0.0849108 2 -0.0214905 0  ,        0 0.1 0 100 
456: -0.0396001 2 -0.300635 0  ,        0 0.1 0 100 
457: 0.152018 2 -0.185516 0  ,        0 0.1 0 100 
458: -0.110108 2 -0.218217 0  ,        0 0.1 0 100 
459: -0.75173 2 0.630647 0  ,        0 0.1 0 100 
460: 0.372372 2 0.403075 0  ,        0 0.1 0 100 
461: 0.161541 2 -0.0375067 0  ,        0 0.1 0 100 
462: 0.0404768 2 0.00700163 0  ,        0 0.1 0 100 
463: -0.192158 2 -0.414048 0  ,        0 0.1 0 100 
464: -0.269766 2 -0.795012 0  ,        0 0.1 0 100 
465: -0.109645 2 -0.275238 0  ,        0 0.1 0 100 
466: -0.0116678 2 -0.351593 0  ,        0 0.1 0 100 
467: -0.0274726 2 -0.121791 0  ,        0 0.1 0 100 
468: -0.467889 2 0.0248982 0  ,        0 0.1 0 100 
469: 0.304777 2 -0.208829 0  ,        0 0.1 0 100 
470: -0.522403 2 0.517691 0  ,        0 0.1 0 100 
471: 0.196339 2 0.143314 0  ,        0 0.1 0 100 
472: 0.577569 2 0.531679 0  ,        0 0.1 0 100 
473: 0.64301 2 0.601096 0  ,        0 0.1 0 100 
474: 0.804173 2 0.0903158 0  ,        0 0.1 0 100 
475: 0.516247 2 0.665024 0  ,        0 0.1 0 100 
476: 0.0897674 2 0.343107 0  ,        0 0.1 0 100 
477: 0.209088 2 -0.47735 0  ,        0 0.1 0 100 
478: 0.0192851 2 0.220233 0  ,        0 0.1 0 100 
479: 0.36136 2 0.315888 0  ,        0 0.1 0 100 
480: 0.113798 2 -0.735997 0  ,        0 0.1 0 100 
481: -0.157882 2 -0.192824 0  ,        0 0.1 0 100 
482: 0.153342 2 -0.194398 0  ,        0 0.1 0 100 
483: -0.426325 2 0.454084 0  ,        0 0.1 0 100 
484: -0.856297 2 0.373558 0  ,        0 0.1 0 100 
485: -0.972832 2 0.0913471 0  ,        0 0.1 0 100 
486: -0.0110834 2 -0.0122375 0  ,        0 0.1 0 100 
487: -0.473625 2 0.440546 0  ,        0 0.1 0 100 
488: -0.344408 2 -0.0564851 0  ,        0 0.1 0 100 
489: -0.805231 2 0.377888 0  ,        0 0.1 0 100 
490: 0.0915281 2 -0.342452 0  ,        0 0.1 0 100 
491: -0.361697 2 -0.296937 0  ,        0 0.1 0 100 
492: 0.456058 2 0.254249 0  ,        0 0.1 0 100 
493: -0.344791 2 -0.170319 0  ,        0 0.1 0 100 
494: -0.245778 2 0.0833587 0  ,        0 0.1 0 100 
495: -0.121977 2 0.786397 0  ,        0 0.1 0 100 
496: -0.152819 2 -0.346535 0  ,        0 0.1 0 100 
497: -0.0984845 2 -0.632937 0  ,        0 0.1 0 100 
498: 0.807746 2 -0.587821 0  ,        0 0.1 0 100 
499: 0.0122884 2 -0.00100545 0  ,        0 0.1 0 100 
500: 0.044423 2 0.139431 0  ,        0 0.1 0 100 
501: 0.804592 2 -0.0607095 0  ,        0 0.1 0 100 
502: 0.235706 2 -0.797877 0  ,        0 0.1 0 100 
503: -0.0517428 2 0.674124 0  ,        0 0.1 0 100 
504: -0.670551 2 0.585265 0  ,        0 0.1 0 100 
505: 0.254962 2 0.780031 0  ,        0 0.1 0 100 
506: 0.157348 2 0.320426 0  ,        0 0.1 0 100 
507: 0.540626 2 -0.362262 0  ,        0 0.1 0 100 
508: -0.429994 2 0.517117 0  ,        0 0.1 0 100 
509: -0.0623183 2 0.845909 0  ,        0 0.1 0 100 
510: -0.388532 2 0.289932 0  ,        0 0.1 0 100 
511: -0.146675 2 0.84673 0  ,        0 0.1 0 100 
512: 0.33349 2 -0.0635331 0  ,        0 0.1 0 100 
513: -0.182342 2 0.300342 0  ,        0 0.1 0 100 
514: 0.0308846 2 -0.0182216 0  ,        0 0.1 0 100 
515: -0.588543 2 0.304831 0  ,        0 0.1 0 100 
516: 0.925778 2 0.0820957 0  ,        0 0.1 0 100 
517: 0.69114 2 -0.359232 0  ,        0 0.1 0 100 
518: 0.931161 2 -0.246341 0  ,        0 0.1 0 100 
519: 0.714797 2 0.485853 0  ,        0 0.1 0 100 
520: -0.421364 2 0.570288 0  ,        0 0.1 0 100 
521: 0.304314 2 -0.828863 0  ,        0 0.1 0 100 
522: 0.178403 2 0.0899002 0  ,        0 0.1 0 100 
523: -0.23516 2 -0.242476 0  ,        0 0.1 0 100 
524: 0.608691 2 -0.569343 0  ,        0 0.1 0 100 
525: 0.471811 2 -0.46194 0  ,        0 0.1 0 100 
526: -0.127307 2 -0.0327147 0  ,        0 0.1 0 100 
527: -0.0745072 2 -0.272065 0  ,        0 0.1 0 100 
528: -0.499423 2 0.385817 0  ,        0 0.1 0 100 
529: 0.478373 2 -0.784719 0  ,        0 0.1 0 100 
530: -0.369286 2 -0.588122 0  ,        0 0.1 0 100 
531: 0.099652 2 0.00474731 0  ,        0 0.1 0 100 
532: -0.20767 2 0.470305 0  ,        0 0.1 0 100 
533: 0.062944 2 -0.465443 0  ,        0 0.1 0 100 
534: 0.0900477 2 -0.0386578 0  ,        0 0.1 0 100 
535: -0.287253 2 -0.854077 0  ,        0 0.1 0 100 
536: -0.140579 2 0.49376 0  ,        0 0.1 0 100 
537: -0.777278 2 -0.531925 0  ,        0 0.1 0 100 
538: 0.139096 2 0.10149 0  ,        0 0.1 0 100 
539: 0.321339 2 -0.54507 0  ,        0 0.1 0 100 
540: -0.155535 2 -0.410207 0  ,        0 0.1 0 100 
541: -0.16587 2 0.152632 0  ,        0 0.1 0 100 
542: 0.325873 2 0.0983951 0  ,        0 0.1 0 100 
543: -0.612134 2 -0.563389 0  ,        0 0.1 0 100 
544: 0.6188 2 -0.240855 0  ,        0 0.1 0 100 
545: -0.502899 2 -0.18867 0  ,        0 0.1 0 100 
546: -0.163855 2 -0.142435 0  ,        0 0.1 0 100 
547: -0.00510201 2 -0.00109727 0  ,        0 0.1 0 100 
548: 0.0608771 2 -0.533972 0  ,        0 0.1 0 100 
549: 0.110854 2 -0.0146614 0  ,        0 0.1 0 100 
550: -0.0392365 2 0.829481 0  ,        0 0.1 0 100 
551: -0.403161 2 0.487313 0  ,        0 0.1 0 100 
552: -0.141038 2 0.391911 0  ,        0 0.1 0 100 
553: 0.38583 2 -0.34726 0  ,        0 0.1 0 100 
554: -0.393266 2 -0.257013 0  ,        0 0.1 0 100 
555: 0.743057 2 0.284553 0  ,        0 0.1 0 100 
556: 0.300097 2 0.133321 0  ,        0 0.1 0 100 
557: -0.154811 2 -0.584162 0  ,        0 0.1 0 100 
558: 0.0578014 2 -0.147894 0  ,        0 0.1 0 100 
559: -0.423964 2 -0.0875294 0  ,        0 0.1 0 100 
560: 0.0890189 2 -0.238775 0  ,        0 0.1 0 100 
561: 0.0159127 2 -0.0531518 0  ,        0 0.1 0 100 
562: 0.739825 2 -0.138006 0  ,        0 0.1 0 100 
563: -0.0226398 2 0.216048 0  ,        0 0.1 0 100 
564: 0.000159185 2 0.042573 0  ,        0 0.1 0 100 
565: 0.578733 2 -0.135073 0  ,        0 0.1 0 100 
566: 0.297094 2 0.590062 0  ,        0 0.1 0 100 
567: 0.0313696 2 -0.0518603 0  ,        0 0.1 0 100 
568: -0.328277 2 -0.878991 0  ,        0 0.1 0 100 
569: 0.759106 2 -0.228175 0  ,        0 0.1 0 100 
570: -0.153511 2 -0.119227 0  ,        0 0.1 0 100 
571: -0.0698918 2 0.23256 0  ,        0 0.1 0 100 
572: -0.747938 2 0.0372122 0  ,        0 0.1 0 100 
573: 0.0301492 2 -0.51323 0  ,        0 0.1 0 100 
574: -0.49956 2 0.204942 0  ,        0 0.1 0 100 
575: -0.15387 2 0.0604518 0  ,        0 0.1 0 100 
576: -0.532481 2 0.330128 0  ,        0 0.1 0 100 
577: 0.434536 2 -0.878713 0  ,        0 0.1 0 100 
578: -0.216522 2 -0.282314 0  ,        0 0.1 0 100 
579: 0.678124 2 -0.270857 0  ,        0 0.1 0 100 
580: 0.302025 2 -0.371767 0  ,        0 0.1 0 100 
581: 0.355744 2 0.295089 0  ,        0 0.1 0 100 
582: -0.534849 2 -0.839236 0  ,        0 0.1 0 100 
583: -0.208173 2 0.273867 0  ,        0 0.1 0 100 
584: 0.00462226 2 -0.000391585 0  ,        0 0.1 0 100 
585: 0.556648 2 0.215006 0  ,        0 0.1 0 100 
586: 0.302884 2 -0.18327 0  ,        0 0.1 0 100 
587: 0.543651 2 0.0583138 0  ,        0 0.1 0 100 
588: -0.156755 2 -0.31592 0  ,        0 0.1 0 100 
589: -0.269176 2 0.187448 0  ,        0 0.1 0 100 
590: -0.0252408 2 0.342618 0  ,        0 0.1 0 100 
591: 0.0855107 2 -0.251687 0  ,        0 0.1 0 100 
592: -0.319303 2 0.254285 0  ,        0 0.1 0 100 
593: 0.333877 2 -0.336173 0  ,        0 0.1 0 100 
594: -0.142431 2 0.977593 0  ,        0 0.1 0 100 
595: 0.0189151 2 -0.694496 0  ,        0 0.1 0 100 
596: 0.599494 2 -0.36605 0  ,        0 0.1 0 100 
597: 0.134207 2 -0.907116 0  ,        0 0.1 0 100 
598: -0.117346 2 0.0880932 0  ,        0 0.1 0 100 
599: -0.630997 2 -0.487364 0  ,        0 0.1 0 100 
600: 0.863279 2 -0.391576 0  ,        0 0.1 0 100 
601: -0.369992 2 0.202656 0  ,        0 0.1 0 100 
602: 0.861284 2 0.0539519 0  ,        0 0.1 0 100 
603: 0.242365 2 0.362635 0  ,        0 0.1 0 100 
604: -0.190112 2 -0.0577015 0  ,        0 0.1 0 100 
605: -0.0749029 2 0.00997229 0  ,        0 0.1 0 100 
606: -0.157741 2 0.295989 0  ,        0 0.1 0 100 
607: -0.121856 2 -0.0362717 0  ,        0 0.1 0 100 
608: -0.49716 2 -0.395381 0  ,        0 0.1 0 100 
609: 0.19703 2 0.294926 0  ,        0 0.1 0 100 
610: 0.145764 2 0.495341 0  ,        0 0.1 0 100 
611: -0.307604 2 0.282728 0  ,        0 0.1 0 100 
612: 0.922779 2 -0.314255 0  ,        0 0.1 0 100 
613: -0.133003 2 0.805401 0  ,        0 0.1 0 100 
614: 0.0957121 2 -0.320369 0  ,        0 0.1 0 100 
615: 0.0170928 2 -0.891282 0  ,        0 0.1 0 100 
616: -0.506452 2 0.0137207 0  ,        0 0.1 0 100 
617: 0.0560903 2 0.410905 0  ,        0 0.1 0 100 
618: 0.425005 2 0.336074 0  ,        0 0.1 0 100 
619: 0.583566 2 0.541557 0  ,        0 0.1 0 100 
620: 0.00987739 2 0.751942 0  ,        0 0.1 0 100 
621: 0.120677 2 -0.425873 0  ,        0 0.1 0 100 
622: -0.15389 2 0.107341 0  ,        0 0.1 0 100 
623: 0.270529 2 0.125946 0  ,        0 0.1 0 100 
624: 0.518289 2 0.541121 0  ,        0 0.1 0 100 
625: 0.0539511 2 -0.0815504 0  ,        0 0.1 0 100 
626: -0.713078 2 -0.0500931 0  ,        0 0.1 0 100 
627: 0.351596 2 -0.0879836 0  ,        0 0.1 0 100 
628: -0.19068 2 -0.945315 0  ,        0 0.1 0 100 
629: 0.569062 2 -0.361401 0  ,        0 0.1 0 100 
630: 0.67872 2 -0.079061 0  ,        0 0.1 0 100 
631: -0.229695 2 0.107579 0  ,        0 0.1 0 100 
632: 0.530927 2 -0.632187 0  ,        0 0.1 0 100 
633: -0.237187 2 -0.294718 0  ,        0 0.1 0 100 
634: 0.0785371 2 0.0872685 0  ,        0 0.1 0 100 
635: 0.12237 2 -0.65653 0  ,        0 0.1 0 100 
636: 0.547089 2 0.694252 0  ,        0 0.1 0 100 
637: 0.547497 2 0.543183 0  ,        0 0.1 0 100 
638: 0.471342 2 -0.083162 0  ,        0 0.1 0 100 
639: 0.0364636 2 0.483566 0  ,        0 0.1 0 100 
640: -0.00464621 2 0.598267 0  ,        0 0.1 0 100 
641: 0.735743 2 0.393141 0  ,        0 0.1 0 100 
642: 0.261749 2 -0.0281014 0  ,        0 0.1 0 100 
643: 0.119586 2 0.0873248 0  ,        0 0.1 0 100 
644: 0.240577 2 0.705654 0  ,        0 0.1 0 100 
645: 0.607145 2 -0.260098 0  ,        0 0.1 0 100 
646: 0.0667634 2 -0.21488 0  ,        0 0.1 0 100 
647: -0.0561135 2 -0.665016 0  ,        0 0.1 0 100 
648: -0.414625 2 0.189078 0  ,        0 0.1 0 100 
649: 0.187556 2 -0.748741 0  ,        0 0.1 0 100 
650: -0.0142973 2 -0.222265 0  ,        0 0.1 0 100 
651: -0.246777 2 0.0317961 0  ,        0 0.1 0 100 
652: 0.357683 2 -0.795338 0  ,        0 0.1 0 100 
653: 0.0129803 2 0.0581408 0  ,        0 0.1 0 100 
654: 0.04694 2 0.691423 0  ,        0 0.1 0 100 
655: -0.415355 2 0.357922 0  ,        0 0.1 0 100 
656: -0.435093 2 0.0335428 0  ,        0 0.1 0 100 
657: 0.346398 2 -0.0581082 0  ,        0 0.1 0 100 
658: 0.517276 2 0.540064 0  ,        0 0.1 0 100 
659: 0.393484 2 -0.384809 0  ,        0 0.1 0 100 
660: -0.704608 2 -0.376939 0  ,        0 0.1 0 100 
661: -0.523384 2 -0.2974 0  ,        0 0.1 0 100 
662: 0.323576 2 -0.836899 0  ,        0 0.1 0 100 
663: 0.00401142 2 0.072187 0  ,        0 0.1 0 100 
664: 0.169839 2 -0.310962 0  ,        0 0.1 0 100 
665: 0.069812 2 -0.707401 0  ,        0 0.1 0 100 
666: -0.107502 2 0.382311 0  ,        0 0.1 0 100 
667: 0.875914 2 0.173232 0  ,        0 0.1 0 100 
668: 0.362275 2 0.170097 0  ,        0 0.1 0 100 
669: 0.17796 2 -0.945711 0  ,        0 0.1 0 100 
670: 0.15501 2 0.158398 0  ,        0 0.1 0 100 
671: -0.212993 2 0.459288 0  ,        0 0.1 0 100 
672: -0.837885 2 -0.389395 0  ,        0 0.1 0 100 
673: -0.0712712 2 -0.0590615 0  ,        0 0.1 0 100 
674: 0.300636 2 0.588642 0  ,        0 0.1 0 100 
675: 0.257415 2 -0.430016 0  ,        0 0.1 0 100 
676: -0.00153059 2 0.0118034 0  ,        0 0.1 0 100 
677: 0.937195 2 0.290448 0  ,        0 0.1 0 100 
678: -0.154487 2 0.521659 0  ,        0 0.1 0 100 
679: 0.560688 2 -0.0644403 0  ,        0 0.1 0 100 
680: 0.698645 2 -0.54326 0  ,        0 0.1 0 100 
681: -0.629672 2 -0.733907 0  ,        0 0.1 0 100 
682: 0.0634028 2 -0.0583765 0  ,        0 0.1 0 100 
683: -0.0247642 2 -0.107102 0  ,        0 0.1 0 100 
684: 0.492606 2 -0.263282 0  ,        0 0.1 0 100 
685: -0.790152 2 -0.00223478 0  ,        0 0.1 0 100 
686: -0.0589918 2 0.3568 0  ,        0 0.1 0 100 
687: -0.18739 2 0.498979 0  ,        0 0.1 0 100 
688: -0.120247 2 0.0427732 0  ,        0 0.1 0 100 
689: 0.153676 2 0.0368161 0  ,        0 0.1 0 100 
690: 0.365043 2 0.166806 0  ,        0 0.1 0 100 
691: 0.0884828 2 -0.00446182 0  ,        0 0.1 0 100 
692: 0.558797 2 -0.382724 0  ,        0 0.1 0 100 
693: -0.936936 2 0.00489578 0  ,        0 0.1 0 100 
694: -0.0571118 2 0.913833 0  ,        0 0.1 0 100 
695: -0.386305 2 0.0861477 0  ,        0 0.1 0 100 
696: -0.315156 2 -0.754276 0  ,        0 0.1 0 100 
697: -0.894278 2 0.371289 0  ,        0 0.1 0 100 
698: -0.232712 2 0.597965 0  ,        0 0.1 0 100 
699: -0.0943138 2 0.558454 0  ,        0 0.1 0 100 
700: -0.641869 2 -0.54703 0  ,        0 0.1 0 100 
701: 0.501926 2 0.0913894 0  ,        0 0.1 0 100 
702: 0.302462 2 0.0927205 0  ,        0 0.1 0 100 
703: 0.803028 2 0.523818 0  ,        0 0.1 0 100 
704: -0.115338 2 0.507459 0  ,        0 0.1 0 100 
705: -0.0452287 2 0.300334 0  ,        0 0.1 0 100 
706: -0.270081 2 0.045599 0  ,        0 0.1 0 100 
707: 0.263289 2 -0.490975 0  ,        0 0.1 0 100 
708: -0.233724 2 0.435943 0  ,        0 0.1 0 100 
709: 0.238095 2 0.115209 0  ,        0 0.1 0 100 
710: -0.587002 2 0.319766 0  ,        0 0.1 0 100 
711: -0.489042 2 -0.843524 0  ,        0 0.1 0 100 
712: -0.326139 2 0.0326439 0  ,        0 0.1 0 100 
713: 0.388934 2 0.697884 0  ,        0 0.1 0 100 
714: 0.259837 2 0.18951 0  ,        0 0.1 0 100 
715: 0.0780248 2 -0.032614 0  ,        0 0.1 0 100 
716: -0.12777 2 -0.0915282 0  ,        0 0.1 0 100 
717: 0.741959 2 -0.0741922 0  ,        0 0.1 0 100 
718: -0.193981 2 -0.023841 0  ,        0 0.1 0 100 
719: 0.200671 2 -0.18082 0  ,        0 0.1 0 100 
720: -0.970752 2 0.143859 0  ,        0 0.1 0 100 
721: -0.325938 2 0.88383 0  ,        0 0.1 0 100 
722: 0.0730861 2 -0.48437 0  ,        0 0.1 0 100 
723: -0.0891111 2 0.294055 0  ,        0 0.1 0 100 
724: -0.440617 2 -0.361161 0  ,        0 0.1 0 100 
725: 0.283881 2 -0.303121 0  ,        0 0.1 0 100 
726: 0.077395 2 0.356951 0  ,        0 0.1 0 100 
727: 0.851675 2 0.160983 0  ,        0 0.1 0 100 
728: 0.205621 2 -0.976792 0  ,        0 0.1 0 100 
729: 0.0660012 2 -0.188201 0  ,        0 0.1 0 100 
730: -0.290333 2 0.0034101 0  ,        0 0.1 0 100 
731: -0.472442 2 0.43675 0  ,        0 0.1 0 100 
732: -0.755482 2 -0.289229 0  ,        0 0.1 0 100 
733: 0.74605 2 -0.214149 0  ,        0 0.1 0 100 
734: -0.0147415 2 0.000931941 0  ,        0 0.1 0 100 
735: -0.0697962 2 0.084927 0  ,        0 0.1 0 100 
736: -0.56342 2 -0.562098 0  ,        0 0.1 0 100 
737: 0.119127 2 0.0762177 0  ,        0 0.1 0 100 
738: 0.149828 2 0.0727824 0  ,        0 0.1 0 100 
739: 0.371566 2 -0.815317 0  ,        0 0.1 0 100 
740: 0.405467 2 0.0857798 0  ,        0 0.1 0 100 
741: 0.485854 2 -0.104491 0  ,        0 0.1 0 100 
742: 0.155845 2 -0.448793 0  ,        0 0.1 0 100 
743: -0.776011 2 0.157963 0  ,        0 0.1 0 100 
744: -0.249278 2 0.778278 0  ,        0 0.1 0 100 
745: -0.111117 2 0.555542 0  ,        0 0.1 0 100 
746: -0.602955 2 0.137742 0  ,        0 0.1 0 100 
747: 0.0340018 2 -0.376255 0  ,        0 0.1 0 100 
748: -0.38623 2 0.338675 0  ,        0 0.1 0 100 
749: -0.537461 2 -0.000489521 0  ,        0 0.1 0 100 
750: -0.688002 2 0.108032 0  ,        0 0.1 0 100 
751: -0.136881 2 -0.241081 0  ,        0 0.1 0 100 
752: -0.616475 2 -0.223089 0  ,        0 0.1 0 100 
753: -0.594519 2 -0.198909 0  ,        0 0.1 0 100 
754: 0.12308 2 0.303782 0  ,        0 0.1 0 100 
755: -0.00715536 2 0.0356674 0  ,        0 0.1 0 100 
756: 0.749349 2 0.579121 0  ,        0 0.1 0 100 
757: -0.224227 2 0.156402 0  ,        0 0.1 0 100 
758: 0.348778 2 0.132645 0  ,        0 0.1 0 100 
759: -0.408778 2 0.476354 0  ,        0 0.1 0 100 
760: 0.175859 2 -0.0366235 0  ,        0 0.1 0 100 
761: -0.950841 2 -0.0667958 0  ,        0 0.1 0 100 
762: -0.121827 2 -0.255163 0  ,        0 0.1 0 100 
763: -0.143395 2 -0.561022 0  ,        0 0.1 0 100 
764: 0.13398 2 0.369183 0  ,        0 0.1 0 100 
765: 0.383612 2 0.489111 0  ,        0 0.1 0 100 
766: -0.016945 2 -0.066669 0  ,        0 0.1 0 100 
767: -0.646553 2 0.333306 0  ,        0 0.1 0 100 
768: -0.248441 2 0.609833 0  ,        0 0.1 0 100 
769: -0.678349 2 -0.384079 0  ,        0 0.1 0 100 
770: -0.464888 2 -0.774579 0  ,        0 0.1 0 100 
771: 0.573839 2 0.167758 0  ,        0 0.1 0 100 
772: -0.470452 2 -0.143972 0  ,        0 0.1 0 100 
773: 0.0601812 2 0.153419 0  ,        0 0.1 0 100 
774: -0.304344 2 -0.153767 0  ,        0 0.1 0 100 
775: -0.374487 2 -0.160939 0  ,        0 0.1 0 100 
776: 0.824481 2 -0.325837 0  ,        0 0.1 0 100 
777: -0.0471596 2 0.0498267 0  ,        0 0.1 0 100 
778: -0.160525 2 -0.0431926 0  ,        0 0.1 0 100 
779: -0.260358 2 0.644026 0  ,        0 0.1 0 100 
780: -0.406445 2 0.884873 0  ,        0 0.1 0 100 
781: -0.20463 2 0.186495 0  ,        0 0.1 0 100 
782: 0.512651 2 0.698593 0  ,        0 0.1 0 100 
783: -0.130022 2 -0.556972 0  ,        0 0.1 0 100 
784: 0.171465 2 0.256658 0  ,        0 0.1 0 100 
785: 0.61202 2 0.175359 0  ,        0 0.1 0 100 
786: 0.0282524 2 -0.729028 0  ,        0 0.1 0 100 
787: 0.558146 2 -0.2362 0  ,        0 0.1 0 100 
788: -0.254656 2 0.737218 0  ,        0 0.1 0 100 
789: -0.0881918 2 0.231325 0  ,        0 0.1 0 100 
790: -0.284318 2 -0.489756 0  ,        0 0.1 0 100 
791: -0.250427 2 0.201245 0  ,        0 0.1 0 100 
792: -0.122741 2 -0.0773576 0  ,        0 0.1 0 100 
793: -0.0755642 2 -0.267843 0  ,        0 0.1 0 100 
794: 0.0279361 2 0.0510904 0  ,        0 0.1 0 100 
795: 0.22689 2 0.237432 0  ,        0 0.1 0 100 
796: -0.0686349 2 0.17767 0  ,        0 0.1 0 100 
797: -0.177038 2 -0.367354 0  ,        0 0.1 0 100 
798: -0.712303 2 0.161717 0  ,        0 0.1 0 100 
799: 0.0667185 2 0.0417549 0  ,        0 0.1 0 100 
800: -0.466687 2 -0.221364 0  ,        0 0.1 0 100 
801: 0.108835 2 -0.885177 0  ,        0 0.1 0 100 
802: -0.513611 2 0.193307 0  ,        0 0.1 0 100 
803: -0.000302661 2 0.242836 0  ,        0 0.1 0 100 
804: -0.928092 2 -0.193094 0  ,        0 0.1 0 100 
805: -0.0734689 2 -0.243531 0  ,        0 0.1 0 100 
806: -0.094785 2 0.107168 0  ,        0 0.1 0 100 
807: -0.476909 2 -0.532286 0  ,        0 0.1 0 100 
808: -0.568513 2 -0.0216771 0  ,        0 0.1 0 100 
809: -0.301386 2 0.523424 0  ,        0 0.1 0 100 
810: -0.53271 2 0.379988 0  ,        0 0.1 0 100 
811: 0.0848611 2 0.224787 0  ,        0 0.1 0 100 
812: 0.351829 2 -0.151441 0  ,        0 0.1 0 100 
813: -0.561278 2 0.125845 0  ,        0 0.1 0 100 
814: 0.198517 2 0.0608977 0  ,        0 0.1 0 100 
815: -0.602267 2 -0.29765 0  ,        0 0.1 0 100 
816: -0.0157838 2 0.598504 0  ,        0 0.1 0 100 
817: -0.838706 2 -0.312453 0  ,        0 0.1 0 100 
818: -0.00849107 2 0.00469963 0  ,        0 0.1 0 100 
819: 0.00746546 2 -0.846337 0  ,        0 0.1 0 100 
820: -0.402228 2 -0.359097 0  ,        0 0.1 0 100 
821: -0.154886 2 0.552858 0  ,        0 0.1 0 100 
822: -0.0631984 2 0.0336453 0  ,        0 0.1 0 100 
823: -0.0863324 2 -0.0254275 0  ,        0 0.1 0 100 
824: -0.177737 2 0.000996894 0  ,        0 0.1 0 100 
825: 0.70588 2 0.159405 0  ,        0 0.1 0 100 
826: 0.139314 2 -0.538596 0  ,        0 0.1 0 100 
827: 0.346515 2 0.00393708 0  ,        0 0.1 0 100 
828: 0.11394 2 0.275141 0  ,        0 0.1 0 100 
829: 0.62223 2 0.777877 0  ,        0 0.1 0 100 
830: 0.750607 2 0.0382107 0  ,        0 0.1 0 100 
831: -0.515885 2 -0.775583 0  ,        0 0.1 0 100 
832: 0.195302 2 0.198046 0  ,        0 0.1 0 100 
833: 0.297765 2 0.580272 0  ,        0 0.1 0 100 
834: 0.53602 2 0.397436 0  ,        0 0.1 0 100 
835: -0.423283 2 -0.806701 0  ,        0 0.1 0 100 
836: 0.292114 2 0.409643 0  ,        0 0.1 0 100 
837: 0.245535 2 -0.0568102 0  ,        0 0.1 0 100 
838: -0.0896645 2 0.24228 0  ,        0 0.1 0 100 
839: 0.0638018 2 -0.0842543 0  ,        0 0.1 0 100 
840: -0.326342 2 -0.227118 0  ,        0 0.1 0 100 
841: -0.89034 2 -0.388714 0  ,        0 0.1 0 100 
842: -0.208393 2 -0.175201 0  ,        0 0.1 0 100 
843: -0.711596 2 -0.107616 0  ,        0 0.1 0 100 
844: -0.0125552 2 0.0864061 0  ,        0 0.1 0 100 
845: 0.473913 2 0.266711 0  ,        0 0.1 0 100 
846: 0.325709 2 0.644126 0  ,        0 0.1 0 100 
847: -0.181086 2 0.566122 0  ,        0 0.1 0 100 
848: -0.305613 2 0.611941 0  ,        0 0.1 0 100 
849: -0.526176 2 0.636502 0  ,        0 0.1 0 100 
850: -0.706753 2 -0.682738 0  ,        0 0.1 0 100 
851: -0.0179165 2 -0.0855178 0  ,        0 0.1 0 100 
852: 0.188029 2 -0.0533099 0  ,        0 0.1 0 100 
853: -0.898949 2 -0.41338 0  ,        0 0.1 0 100 
854: 0.139878 2 0.496718 0  ,        0 0.1 0 100 
855: 0.00198977 2 -0.576491 0  ,        0 0.1 0 100 
856: 0.0582328 2 0.0172424 0  ,        0 0.1 0 100 
857: -0.207047 2 -0.267191 0  ,        0 0.1 0 100 
858: 0.135 2 -0.169135 0  ,        0 0.1 0 100 
859: 0.199281 2 0.553752 0  ,        0 0.1 0 100 
860: -0.228658 2 -0.209964 0  ,        0 0.1 0 100 
861: -0.543619 2 -0.513583 0  ,        0 0.1 0 100 
862: 0.314819 2 0.22022 0  ,        0 0.1 0 100 
863: 0.500022 2 -0.236824 0  ,        0 0.1 0 100 
864: 0.102036 2 0.336473 0  ,        0 0.1 0 100 
865: 0.307267 2 -0.667095 0  ,        0 0.1 0 100 
866: 0.162614 2 -0.279372 0  ,        0 0.1 0 100 
867: 0.171925 2 0.0608585 0  ,        0 0.1 0 100 
868: 0.346348 2 0.151727 0  ,        0 0.1 0 100 
869: 0.130637 2 -0.0606204 0  ,        0 0.1 0 100 
870: 0.554462 2 0.101504 0  ,        0 0.1 0 100 
871: 0.38406 2 -0.276574 0  ,        0 0.1 0 100 
872: -0.153729 2 0.375493 0  ,        0 0.1 0 100 
873: 0.458101 2 -0.104882 0  ,        0 0.1 0 100 
874: 0.0452014 2 0.707992 0  ,        0 0.1 0 100 
875: 0.296485 2 -0.162283 0  ,        0 0.1 0 100 
876: 0.63175 2 -0.685551 0  ,        0 0.1 0 100 
877: 0.725644 2 0.322375 0  ,        0 0.1 0 100 
878: 0.883093 2 0.223416 0  ,        0 0.1 0 100 
879: -0.806302 2 0.291171 0  ,        0 0.1 0 100 
880: -0.118568 2 0.188469 0  ,        0 0.1 0 100 
881: 0.0542941 2 0.348715 0  ,        0 0.1 0 100 
882: -0.34075 2 0.900516 0  ,        0 0.1 0 100 
883: -0.0710001 2 0.142439 0  ,        0 0.1 0 100 
884: -0.0204166 2 -0.218446 0  ,        0 0.1 0 100 
885: 0.399958 2 -0.610394 0  ,        0 0.1 0 100 
886: -0.021421 2 0.0156359 0  ,        0 0.1 0 100 
887: -0.847412 2 0.366591 0  ,        0 0.1 0 100 
888: 0.0679539 2 0.0369161 0  ,        0 0.1 0 100 
889: 0.278372 2 0.609739 0  ,        0 0.1 0 100 
890: 0.362733 2 0.908273 0  ,        0 0.1 0 100 
891: 0.456128 2 0.226897 0  ,        0 0.1 0 100 
892: 0.246935 2 -0.209877 0  ,        0 0.1 0 100 
893: -0.17447 2 -0.49446 0  ,        0 0.1 0 100 
894: 0.379112 2 -0.0299217 0  ,        0 0.1 0 100 
895: 0.173123 2 0.690282 0  ,        0 0.1 0 100 
896: -0.636404 2 -0.105377 0  ,        0 0.1 0 100 
897: 0.0519614 2 0.308036 0  ,        0 0.1 0 100 
898: -0.0404958 2 0.0703926 0  ,        0 0.1 0 100 
899: -0.0915386 2 -0.10205 0  ,        0 0.1 0 100 
900: -0.271475 2 0.112102 0  ,        0 0.1 0 100 
901: 0.384041 2 0.16187 0  ,        0 0.1 0 100 
902: -0.225915 2 -0.372998 0  ,        0 0.1 0 100 
903: 0.201241 2 -0.0599014 0  ,        0 0.1 0 100 
904: -0.000740182 2 0.126558 0  ,        0 0.1 0 100 
905: 0.802016 2 -0.404438 0  ,        0 0.1 0 100 
906: 0.0955345 2 -0.122411 0  ,        0 0.1 0 100 
907: -0.800181 2 0.0147701 0  ,        0 0.1 0 100 
908: 0.0150505 2 -0.263097 0  ,        0 0.1 0 100 
909: 0.0100573 2 -0.437001 0  ,        0 0.1 0 100 
910: -0.475795 2 -0.61425 0  ,        0 0.1 0 100 
911: 0.441642 2 0.182965 0  ,        0 0.1 0 100 
912: 0.0601683 2 -0.368081 0  ,        0 0.1 0 100 
913: -0.801297 2 0.410165 0  ,        0 0.1 0 100 
914: 0.667572 2 -0.372922 0  ,        0 0.1 0 100 
915: -0.363287 2 -0.146803 0  ,        0 0.1 0 100 
916: 0.385971 2 -0.435302 0  ,        0 0.1 0 100 
917: -0.237098 2 0.475663 0  ,        0 0.1 0 100 
918: 0.170666 2 -0.154258 0  ,        0 0.1 0 100 
919: -0.762229 2 -0.128615 0  ,        0 0.1 0 100 
920: 0.0101644 2 -0.00338122 0  ,        0 0.1 0 100 
921: 0.201326 2 -0.742405 0  ,        0 0.1 0 100 
922: 0.221041 2 0.172731 0  ,        0 0.1 0 100 
923: -0.0643564 2 -0.000959542 0  ,        0 0.1 0 100 
924: 0.196175 2 -0.913653 0  ,        0 0.1 0 100 
925: -0.657474 2 0.198933 0  ,        0 0.1 0 100 
926: -0.909964 2 0.39448 0  ,        0 0.1 0 100 
927: -0.220985 2 0.63697 0  ,        0 0.1 0 100 
928: -0.2402 2 0.513308 0  ,        0 0.1 0 100 
929: -0.0505597 2 0.0320212 0  ,        0 0.1 0 100 
930: 0.00147205 2 -0.0053874 0  ,        0 0.1 0 100 
931: 0.205637 2 0.289664 0  ,        0 0.1 0 100 
932: 0.424967 2 -0.202075 0  ,        0 0.1 0 100 
933: -0.0242919 2 0.0510675 0  ,        0 0.1 0 100 
934: 0.406366 2 -0.633337 0  ,        0 0.1 0 100 
935: -0.0757312 2 -0.194099 0  ,        0 0.1 0 100 
936: -0.591135 2 -0.0507643 0  ,        0 0.1 0 100 
937: -0.316089 2 0.45628 0  ,        0 0.1 0 100 
938: -0.295142 2 -0.0496846 0  ,        0 0.1 0 100 
939: 0.212491 2 -0.227942 0  ,        0 0.1 0 100 
940: -0.920927 2 0.105396 0  ,        0 0.1 0 100 
941: 0.0835968 2 -0.0121511 0  ,        0 0.1 0 100 
942: -0.821816 2 0.00886456 0  ,        0 0.1 0 100 
943: -0.27173 2 -0.935644 0  ,        0 0.1 0 100 
944: -0.61861 2 -0.496242 0  ,        0 0.1 0 100 
945: -0.0508087 2 -0.388027 0  ,        0 0.1 0 100 
946: -0.56765 2 0.414179 0  ,        0 0.1 0 100 
947: 0.539145 2 -0.296854 0  ,        0 0.1 0 100 
948: 0.0427331 2 -0.752075 0  ,        0 0.1 0 100 
949: -0.11251 2 -0.620796 0  ,        0 0.1 0 100 
950: 0.246646 2 0.0588887 0  ,        0 0.1 0 100 
951: -0.256629 2 0.0779172 0  ,        0 0.1 0 100 
952: -0.144021 2 -0.00405378 0  ,        0 0.1 0 100 
953: 0.131931 2 0.127815 0  ,        0 0.1 0 100 
954: -0.0562461 2 0.029228 0  ,        0 0.1 0 100 
955: 0.405353 2 -0.580959 0  ,        0 0.1 0 100 
956: -0.198176 2 -0.130439 0  ,        0 0.1 0 100 
957: -0.095811 2 0.0144615 0  ,        0 0.1 0 100 
958: -0.326998 2 -0.913869 0  ,        0 0.1 0 100 
959: -0.208193 2 -0.0118997 0  ,        0 0.1 0 100 
960: -0.00889651 2 0.0231617 0  ,        0 0.1 0 100 
961: 0.122139 2 -0.0882765 0  ,        0 0.1 0 100 
962: 0.547436 2 -0.370181 0  ,        0 0.1 0 100 
963: 0.532973 2 -0.746047 0  ,        0 0.1 0 100 
964: -0.183399 2 -0.60207 0  ,        0 0.1 0 100 
965: 0.290391 2 0.466736 0  ,        0 0.1 0 100 
966: -0.316611 2 -0.831661 0  ,        0 0.1 0 100 
967: -0.208176 2 0.835474 0  ,        0 0.1 0 100 
968: -0.105691 2 -0.322199 0  ,        0 0.1 0 100 
969: -0.171383 2 -0.167091 0  ,        0 0.1 0 100 
970: 0.143377 2 -0.298238 0  ,        0 0.1 0 100 
971: 0.331541 2 0.472367 0  ,        0 0.1 0 100 
972: 0.239716 2 0.119933 0  ,        0 0.1 0 100 
973: 0.765593 2 0.363414 0  ,        0 0.1 0 100 
974: -0.0376154 2 -0.0291338 0  ,        0 0.1 0 100 
975: -0.324044 2 0.164852 0  ,        0 0.1 0 100 
976: -0.233806 2 0.597046 0  ,        0 0.1 0 100 
977: -0.211827 2 0.133305 0  ,        0 0.1 0 100 
978: 0.206821 2 0.553946 0  ,        0 0.1 0 100 
979: -0.123455 2 0.101887 0  ,        0 0.1 0 100 
980: -0.331968 2 0.621475 0  ,        0 0.1 0 100 
981: 0.0248393 2 0.763963 0  ,        0 0.1 0 100 
982: -0.0302582 2 -0.723419 0  ,        0 0.1 0 100 
983: 0.0322487 2 0.0400944 0  ,        0 0.1 0 100 
984: 0.215014 2 0.147295 0  ,        0 0.1 0 100 
985: -0.406126 2 0.872681 0  ,        0 0.1 0 100 
986: -0.744775 2 0.179785 0  ,        0 0.1 0 100 
987: 0.390657 2 -0.0681541 0  ,        0 0.1 0 100 
988: 0.664031 2 0.494921 0  ,        0 0.1 0 100 
989: 0.0672181 2 -0.0940909 0  ,        0 0.1 0 100 
990: -0.561955 2 -0.0874122 0  ,        0 0.1 0 100 
991: -0.394536 2 -0.428136 0  ,        0 0.1 0 100 
992: -0.0883092 2 -0.418314 0  ,        0 0.1 0 100 
993: -0.0553768 2 -0.252709 0  ,        0 0.1 0 100 
994: 0.07379 2 -0.0834466 0  ,        0 0.1 0 100 
995: -0.392281 2 0.0879542 0  ,        0 0.1 0 100 
996: -0.869599 2 0.475006 0  ,        0 0.1 0 100 
997: -0.847981 2 -0.24464 0  ,        0 0.1 0 100 
998: 0.419035 2 -0.591821 0  ,        0 0.1 0 100 
999: -0.0540859 2 0.0271508 0  ,        0 0.1 0 100 
1000: 0.333015 2 -0.216545 0  ,        0 0.1 0 100 
1001: -0.144669 2 -0.203824 0  ,        0 0.1 0 100 
1002: 0.33633 2 -0.87738 0  ,        0 0.1 0 100 
1003: 0.778833 2 -0.190458 0  ,        0 0.1 0 100 
1004: 0.119252 2 0.0581273 0  ,        0 0.1 0 100 
1005: 0.228045 2 -0.248516 0  ,        0 0.1 0 100 
1006: -0.940019 2 0.174697 0  ,        0 0.1 0 100 
1007: 0.0260292 2 -0.161371 0  ,        0 0.1 0 100 
1008: 0.354955 2 -0.453021 0  ,        0 0.1 0 100 
1009: 0.0247736 2 0.400094 0  ,        0 0.1 0 100 
1010: 0.0340575 2 0.744178 0  ,        0 0.1 0 100 
1011: -0.831858 2 0.201144 0  ,        0 0.1 0 100 
1012: 0.902188 2 -0.0875943 0  ,        0 0.1 0 100 
1013: -0.134315 2 -0.101174 0  ,        0 0.1 0 100 
1014: -0.566627 2 0.519003 0  ,        0 0.1 0 100 
1015: 0.262901 2 0.0360283 0  ,        0 0.1 0 100 
1016: -0.579157 2 -0.280722 0  ,        0 0.1 0 100 
1017: 0.643611 2 0.119228 0  ,        0 0.1 0 100 
1018: 0.318003 2 0.0810365 0  ,        0 0.1 0 100 
1019: 0.0211045 2 0.583621 0  ,        0 0.1 0 100 
1020: -0.653523 2 -0.466448 0  ,        0 0.1 0 100 
1021: 0.339812 2 0.499887 0  ,        0 0.1 0 100 
1022: 0.23366 2 0.484724 0  ,        0 0.1 0 100 
1023: 0.5547 2 -0.0949109 0  ,        0 0.1 0 100 

